$ANSIBLE_VAULT;1.1;AES256
65346339626463326635616465623439613166633962393566666434373461346162393663663364
3631373665373933326164373766333764623161333865620a373061373237396339313864393061
66373037383931326539393831303637643463336537376538323162366137613165623264323232
3234653830323137340a353237333261333865663835396439653132323432626135653331643730
63666638373536666664623166326431363366363935663633376238646537386361373965383161
38653261313463316532303564323035636339376161316630616165653038373163353739653639
39336465663330616364326230343032333665353530303736643236633035313464373036333765
64613364343532373331313236373537646566363138633338386438393734656637343632333631
34353937653534343538666532386665616533653265643264323334656361373163666466343663
32376665623861316364663734323933653762373431613864313265346333313266316439306630
36646232323935376664313664333936353161353466353465386666363462326664653532616462
66643537383838343536613534656437623736636235353165663766663131656232633635373132
62323531646161663835653338323135646431633538626464363630373262653666333635633565
63323939323531663665396337663663643935643763616133306432303036656531336538353432
36623430633339386165643963376133303866306139663635653666613461623330313963633731
33636461653566313064333433393966343966646134653438663934353937393537323162383434
30313862333635646634353637616438393635623565376466666430623730373439393031326466
39666532643132356630346438356539663330333836636539643930643462333464636532653033
63383235363266333366393231643039363738393935623066383661386466346566623335343563
64353361656364393238346334336163353930366336626461663038646561306437326539356666
61356630663137303463336134313065373839643636663139666331643766326265303565313761
34343965393439653338366163376432643063393437386235336664636230313932306334306136
39656564633161376439623230393137373062356264343233376538333337623865633337646539
63636338643333396235373938393833313032343736646461636134653732323831333863323930
62323963316431366236383532386233383339383638316133373362616633633135
