$ANSIBLE_VAULT;1.1;AES256
32663133336566633362383235366466303135623337326439623432666461396439383232303937
6262313131356462656163663165613036313234316434380a383736396131393133633035666662
31626665636562613236643636336561333436623166383366386364643863366430383466306232
3337623933326632620a386163393664373664666631633463633535336234373735386562366461
39346134393433303561343739353839653539353734666363353734393338346461313065363537
32616265666439393337373534383131616132343838396462326466306665373036373531386536
30366634373462613066396565366633666161326264303665646334356562326138373464346164
32323364396566333532376366306361323764623230626263663032313037316165356535663930
39666361633161623764343161663663386132323631613761333438646365343237626235333565
62636134653339343337376263646138616163373232616632646139396262316166383738346361
33393839636235396238393939336234323934373563303935643533663666313539633036623735
61393633313565336330303537343139366164313865333061363164366566313565306138313233
38633063326234333439643736353362383330333732613036316662303266323332373866643837
32383665396463376430343831626665383063623634306439613137396566393032333938346339
36623934613965323766623836353063323161643862363232663665646437313864653466356262
31623237613763613234636637666262633563666238306565653134626363336431373262623134
66343338633234316165616363303231303032326637666135366464343334386363333538393231
39663139623161363237363033633135323465626336383639656630663031373166623330613934
32303565313637636639663039306663306664333061383763356463616164376639653939333838
37343562383933626431346266646637373434326361363632643166353761643362316634383930
37346234643337323334383533363732633063306630393064366431326538336437633162653231
63623936303663343331656263343230306233623830323162643562383630393661623130306461
33333933323838633834313631613638336630636664303235383235326532666432613034383932
64393131393035616536343063623262336536393263373030666630663064353566306137353234
6230
